0.5545
0.62
0.6325
0.72225
0.68525
0.6715
0.73075
0.7325
0.71775
0.70075
0.73
0.73725
0.72775
0.7425
0.71825
0.751
0.739
0.7525
0.7645
0.7405
0.75525
0.73175
0.75325
0.7685
0.7645
0.7535
0.74625
0.71
0.76375
0.74225
0.7625
0.7685
0.749
0.753
0.7625
0.745
0.772
0.763
0.7745
0.76375
0.79275
0.79425
0.79475
0.79475
0.79525
0.7945
0.795
0.79275
0.79375
0.7935
0.79375
0.79425
0.7955
0.79625
0.7945
0.793
0.796
0.79525
0.79775
0.798
0.79825
0.7985
0.79075
0.79825
0.79575
0.79825
0.797
0.79175
0.795
0.79175
0.7945
0.7935
0.79225
0.79375
0.79175
0.7935
0.793
0.7935
0.794
0.79375
0.7935
0.79375
0.793
0.79325
0.79275
0.79325
0.79325
0.79425
0.794
0.79325
0.794
0.7945
0.7945
0.79425
0.7945
0.7945
0.7945
0.79575
0.7955
0.795
