1.243849228421847
0.8294694940249125
0.6435004210472107
0.5204325529932976
0.4245287880798181
0.3678563709060351
0.30959885150194166
0.25756559980412325
0.21765033677220344
0.17695745448271433
0.15853219938774904
0.13870534732937811
0.11523127342263857
0.09634978955611587
0.08235806967752675
0.07053067979092399
0.07297083456690112
0.07045104702934622
0.053540963317888476
0.056859534958687924
0.049533786767472825
0.048049155765523516
0.044277310773419835
0.04448404226762553
0.03827079464681447
0.0325849269842729
0.039428291621928416
0.045408822354705385
0.03499100000907977
0.03256182841219318
0.03168844435596838
0.03337099488785801
0.03406637625729975
0.02799322663495938
0.029757859769742937
0.02974370523666342
0.023597512497023368
0.03315868825690511
0.02913921478980531
0.02592080643128914
0.007866494574700482
0.0015290722462911314
0.0005313045119419257
0.00034310963886431033
0.00020055171326930577
0.00017868248107485367
0.00010990969184831556
0.0001879847997501353
9.437294523725844e-05
7.109400131753318e-05
6.153343619473617e-05
8.031190493473635e-05
5.1717911067044045e-05
4.8482675268436045e-05
4.9256036352289814e-05
0.00016372489629854197
0.00020318722926541947
0.001142948512446272
0.0008173866398279491
0.0001599652962439298
0.00011676724283461226
0.0001945709541977673
0.00041729097483160634
0.0001895483234018987
3.262102483262197e-05
2.548826917632141e-05
3.098392116176759e-05
0.0002729366154892432
0.0001105877721358676
2.534589772523077e-05
1.7448582745416273e-05
1.2712222874995404e-05
3.42230981400841e-05
0.00041850728922781854
0.001742461208045635
0.0009770716691707548
0.00012232182004661733
3.311708991247997e-05
2.6427703046560208e-05
1.8951644630741763e-05
1.2788913389651195e-05
2.2664548163220387e-05
1.7291219633553587e-05
1.7624962541778662e-05
1.2794114608235911e-05
1.3144843598145901e-05
1.0584320057157962e-05
1.2818227554021177e-05
1.1391031887815947e-05
8.477956021929838e-06
9.323907529695438e-06
1.023096530156901e-05
8.324484390887695e-06
3.172554459174156e-05
6.153473215467405e-06
8.786887912937875e-06
6.196184467863001e-06
7.6150053879094534e-06
6.95344603191946e-06
1.0595951333745764e-05
