Health Service Area : [8 3 1 7 2 4 6 5]

Hospital County : [ 2  5 15  7 30 19  8 56 35 27  1 24 33 46 48 54  4  6 57 36  9 12 21 31
 20 23 25 32 47 51 43 11 28 37 10 40 44 13 17 16 18 53 14 45 34 38 42 50
 55 52  3 22 26 41 39 49 29]

Operating Certificate Number : [ 226700.  401001.  228000. 1401005.  427000.  601000.  602001.  632000.
 1401014. 1401008. 1401013. 1404000. 1427000. 3102000. 1401010. 1801000.
 3101000. 3121001.  701001. 6027000. 3622700.  701000. 2701001. 2701003.
  101004. 2527000. 2701005. 2754001. 2701006. 3402000. 3429000. 4823700.
 5001000. 5002001. 5820000.  301001.  501000. 3421000. 5022000. 6120700.
 3702000.  303001.  824000. 1101000. 2201000. 2238700. 3202002. 2129700.
 3202003. 2221700. 2424700. 2601001. 2625700. 3201002. 3301007. 3301003.
 3301008. 4401000. 4402000. 4423701. 4429000.  101000. 4458701. 5401001.
  101003. 4501000. 1001000. 2801001. 3801000. 3824000.  901001. 4102002.
 4601001. 1254700. 1226701. 1229700. 1623001. 1552701. 1564701. 1624000.
 1701000. 4102003. 5601000. 1302001. 4601004. 4720001. 4102004. 5957001.
 1327000. 3523000. 3950000. 3535001. 3522000. 4324000. 3529000. 4322000.
 4329000. 5263000. 5907001. 5263700. 5501000. 5501001. 5901000. 5526700.
 5902001. 7002054. 5903001. 5904001. 5902002. 5907002. 5920000. 5922000.
 5932000. 5957000. 7000001. 7000002. 7000006. 7000008. 7000011. 7000014.
 7000024. 7001002. 7001003. 7001009. 7001016. 7002053. 7001008. 7001020.
 7001021. 7001046. 7001035. 7002002. 7001033. 7001037. 7001045. 7002001.
 7002009. 7002017. 7002012. 7002021. 7002024. 7002020. 7002050. 7002026.
 7002032. 7004010. 7003000. 7003001. 7003003. 7003004. 7003007. 7001024.
 7003010. 7004003. 5151001. 2901000. 2908000. 2909000. 2950001. 2951001.
 2950002. 2952006. 2952005. 2953000. 5126000. 5127000. 5123000. 5149001.
 5149000. 5153000. 5154000. 5154001. 5157003. 5155000.]

Facility Id : [3.700e+01 6.600e+01 3.900e+01 2.100e+02 1.140e+02 9.800e+01 1.020e+02
 1.030e+02 1.110e+02 2.070e+02 2.080e+02 2.130e+02 2.180e+02 2.670e+02
 2.800e+02 5.740e+02 5.810e+02 2.160e+02 2.920e+02 3.390e+02 5.650e+02
 3.400e+02 5.830e+02 1.180e+02 1.153e+03 7.180e+02 3.067e+03 1.160e+02
 4.090e+02 4.110e+02 9.431e+03 3.930e+02 4.130e+02 4.120e+02 4.710e+02
 4.140e+02 6.710e+02 6.780e+02 8.580e+02 8.660e+02 8.700e+02 1.028e+03
 4.300e+01 8.500e+01 6.760e+02 8.730e+02 1.158e+03 1.200e+01 4.200e+01
 5.800e+01 1.280e+02 1.580e+02 3.670e+02 3.790e+02 5.980e+02 3.620e+02
 5.990e+02 3.770e+02 3.830e+02 3.970e+02 4.010e+02 5.890e+02 6.280e+02
 6.300e+02 6.360e+02 7.270e+02 7.980e+02 8.040e+02 6.350e+02 8.120e+02
 8.150e+02 1.000e+00 8.170e+02 9.770e+02 5.000e+00 9.059e+03 4.000e+00
 8.180e+02 1.460e+02 4.840e+02 7.390e+02 7.460e+02 1.350e+02 7.560e+02
 8.290e+02 1.650e+02 1.700e+02 1.740e+02 3.240e+02 3.030e+02 3.090e+02
 3.250e+02 3.300e+02 4.820e+02 7.550e+02 1.005e+03 1.810e+02 8.310e+02
 8.480e+02 8.510e+02 9.250e+03 1.800e+02 1.920e+02 6.990e+02 7.520e+02
 7.080e+02 6.940e+02 7.760e+02 7.040e+02 7.750e+02 7.790e+02 9.710e+02
 1.097e+03 9.680e+02 9.890e+02 9.900e+02 1.039e+03 1.002e+03 1.045e+03
 1.047e+03 1.061e+03 1.072e+03 1.046e+03 1.098e+03 1.139e+03 1.099e+03
 1.117e+03 1.122e+03 1.129e+03 1.133e+03 1.124e+03 1.138e+03 1.164e+03
 1.165e+03 1.168e+03 1.169e+03 1.172e+03 1.175e+03 1.176e+03 1.178e+03
 1.186e+03 1.286e+03 3.058e+03 1.288e+03 1.294e+03 1.301e+03 1.304e+03
 1.293e+03 1.305e+03 1.306e+03 1.309e+03 1.318e+03 1.324e+03 1.315e+03
 1.320e+03 1.692e+03 1.438e+03 1.437e+03 1.439e+03 1.445e+03 1.450e+03
 1.446e+03 1.447e+03 1.454e+03 1.456e+03 1.453e+03 1.486e+03 1.458e+03
 1.463e+03 1.460e+03 1.464e+03 1.466e+03 1.469e+03 3.975e+03 1.473e+03
 1.626e+03 1.628e+03 1.629e+03 1.630e+03 1.633e+03 1.635e+03 1.637e+03
 1.638e+03 1.738e+03 1.737e+03 1.639e+03 1.740e+03 2.450e+02 3.376e+03
 4.900e+02 5.110e+02 5.130e+02 5.180e+02 5.270e+02 5.410e+02 5.280e+02
 5.500e+02 5.510e+02 5.520e+02 5.630e+02 8.890e+02 8.910e+02 8.850e+02
 8.960e+02 8.950e+02 9.130e+02 9.240e+02 9.250e+02 9.430e+02 9.380e+02]

Facility Name : [ 37 133  85  46 187  17 208 207 203  18 209  87 158  69   9 125  38 149
 159 197  41 196 105 173 212  84  91   5  61 147 181 126 184 190 189  92
  50  47 157  33 169 124 138   6  27  65 160 137 194 195  25  34 155  21
 167  75  48 146  73 134  31 148 193 174  35 136  26  83 199  55  20   2
  28  24 176  36   3 156  30 178   7  82 191 154  43 132  81  39   1 192
  98   4 110 179 180  52 201 185  44  29 188  90 129 135 142  11 175 131
 164  59  54  22 153  23  58  57 121  42 204 117  96  97 205 172 202 152
 130 122 120 140 171 151  10  13  66  95  94  74  19 150  12 127  14  93
  16  32  70 108 111  80 113 119  64 211 100  71 200 210   8 118  99  56
  72 106  62  89 101  86  60 116 107 112 115 104 103 114 144  45  49  67
  77 143 170 123  76 145 183 102 182 198  78  51 206  88  79 161 128 109
 186 177 141 168 162  40  15 166  68  63 163  53 165 139]

Age Group : [5 3 4 2 1]

Zip Code - 3 digits : [47 48 50 41 45 40 42 44 32 43 37 33 34 46  4 36 30 31 35  5 38 17 12  6
 20  1 39 49 24 29  3 23 25 22 28 21 13 19  9 11 10 27 14 26 15  7  8 18
 16  2]

Gender : [1 2 3]

Race : [4 1 3 2]

Ethnicity : [2 3 4 1]

Type of Admission : [6 1 2 3 4 5]

Patient Disposition : [ 8 18 19 14 10  5  9 11  6  2 17  7 13 16  3 12  1 15  4]

CCS Diagnosis Code : [122 127 197 246 258 657  58  80 163 159 203 189   2 187 145 239 143 108
 218 237 157 106 131 170 196  78  17 181  51 193 190 155 230 207 251 195
 144 205  46 100  50 152 168 222 660 172  82 238 661 169 211 128   7 226
 192 188  55 153 231 191 161 183  95 142 185 182 198 149 118 123  42 662
 233 184  83 146 103 125 126 109  26 245 242  13 129 154 653 224  47 212
 186 167  16 243 140  19 234 151  64 229  15 130 135 241  14  63 232 199
 171 160  59 136 133 101 121 112  38 117 250  76 244 116 173 236 659 120
 139 147   4  99 200  39  54  44 208  84  93 141 204 114 107  92 650 164
  57 917 175  81 651 138 670  62  98 656 658  97 105 255 248 655  37   3
 201  32 210  60 240 249 110 165  96 259  11 137 252 162  29  23  12 104
  24 113 253 102  33 115   6 156 213 111 148   8 134  36  35  90 225 158
 217 652 654 257 235 124  79  34 132 202  25 247  27  10  48  40  85  43
  41  49 119  77  53  56 209  91  89 227   1  52  18 216 228  61  21 215
  94  87  31 214   9  28  20  88  22 166 219 221  45 223 220  30 254 194
 206 174 176 999   5  86 663 256]

CCS Procedure Code : [  0 202 163 152 134  54  37  90 231 216 115 153 124 137 159 228  40 160
 146 131 214 225 120 132  84 156 175 170 133  63  92  80  76 135  70 157
  61  85 174 171 113 148  96 102 123  78 161 162   4 173  41  32 101  71
  94  39  79  99  86 229 107 164 145 168 222  58  55  75  34  47  45  98
 100  72 193 103  48  83  49 130  67  97 112  89  66 201  51 142  10 139
 154 117  60  42  62 136  65 147 172  77 165 127 119  93 111 167  95 118
  27  69 221 188   8 128  52  91 125 217 108 226  33 141 203  88 218 213
 220 219  74 114 187 110 215 104 227 109 189 155 211  73 999  31  11  87
 223 166 212  44  43 158  59 194   2   9 204   3  50 200  12   1  56   5
 191   6  82   7 195  36 198 129 179 197 178 177 180 199  26 196 224 150
  30 190  35  24  81  25 181 144  19 185 138  14  29  23  20 121 210 105
 176 192  38 149 106 116 184  64  18  15  28  13  21 207  53 209 208  46
 183 205 186  16  22  17 182 230]

APR DRG Code : [139 140 383 722 861 753 421  43 468 463 302 540 720 224 384 227 194 640
 466 460 201 301 710 133 513 560  49 349 281 566 424 137 254 308 343 251
 245 347 519 190 420 282 531 639 264  58 143 351 141 723 541 361 422 253
 341 465  48 425 225 813 385 711 581 284 197 816 694 775 241 626 812  55
 951  53 223 134  57 144 950 113 247  45 228 530 340 204 138 240 206 721
 249 757 262 580 263 244 633 136 663 279 283 316 221 660 815 380 532 135
 754  52 446 114 142 130 252 305 220 198 542  47 314 691 751 248 315 207
 364  50 623 346 561 317 203 773 634 261 242 614 952 309 199  54 111 636
 169 750 173   5 191 174 196 755 175 192 776 501 229 443  42 243 759 791
 661 171 758 760 752 180 167 518 930 681 344 441 222 756 774 843 170 724
 650 246  24 404 770 200  41 110 280 205 121 862 447 482 313  51 622 382
 131   4 461 176 444 811 362 850 462 911  46 442 320 517 342 115 381 912
  82 589 405 445  80 546 772 480 860 310  44 483 161 403 690 511  40 625
 565 563 514 226 740 423 165  26 166 321 162 303 304  22 401  89  20 260
 163 120 177  21 193 680 651 662  23 363 500  98  93  92 312 484 481  97
  56 160 844 588 602 607 631 693 621 611 609 593 608 591 612 863 544 613
 603 132  90  91  70  95 910  73 842 583 440   6 841 512 510   3 692 630
   1   2]

APR MDC Code : [ 4  9 18 23 19 10  1 11  8 14  6  5 15 13  7 21 17 20  3 16 12 25 22  2]

APR Severity of Illness Code : [2 1 3 4]

APR Risk of Mortality : [4 3 2 1]

APR Medical Surgical Description : [1 2]

Payment Typology 1 : [ 6  9  1  5  8  3  7  2  4 10]

Payment Typology 2 : [ 9  8  3  5  1 10  6  7  2  4 11]

Payment Typology 3 : [ 8 10  9  3  5  6  1  7  2  4 11]

Birth Weight : [   0 2500 3400 3000 2800 2900 3100 3600 4600 4000 4300 3300 3700 3500
 3200 3800 4100 2700 4700 3900 2400 2600 4400 4900 2300 2200 4200 4500
 1500 1700 2100 1900 1800 2000 4800 6000 1400  200 5100 1200  600 1000
 1100 1300  500  900  700 1600 5300  300  400 5200  800 7300 5400 6900
  100 5000 6100 5600 5500 8100 5700 7900 5800 8600 6600 8700 7100 7000
 6200 7800 9000 6500 7600 7700 6300 6400 8000 8400]

Emergency Department Indicator : [1 2]

